 write
   0.0297,   0.0227,   0.0227,   0.0227,   1.6860,   0.0000,   0.0000
   0.0298,   0.0227,   0.0227,   0.0227,  -1.6678,  -0.0000,   0.0000
   0.0299,   0.0228,   0.0228,   0.0228,  -1.6496,  -0.0000,   0.0000
   0.0300,   0.0229,   0.0229,   0.0229,  -1.6314,  -0.0000,   0.0000
   0.0301,   0.0230,   0.0230,   0.0230,  -1.6131,  -0.0000,   0.0000
   0.0302,   0.0230,   0.0230,   0.0230,  -1.5947,  -0.0000,   0.0000
   0.0303,   0.0231,   0.0231,   0.0231,  -1.5763,  -0.0000,   0.0000
   0.0304,   0.0232,   0.0232,   0.0232,  -1.5578,  -0.0000,   0.0000
   0.0305,   0.0233,   0.0233,   0.0233,  -1.5393,  -0.0000,   0.0000
   0.0306,   0.0233,   0.0233,   0.0233,  -1.5207,  -0.0000,   0.0000
   0.0307,   0.0234,   0.0234,   0.0234,  -1.5021,  -0.0000,   0.0000
   0.0308,   0.0235,   0.0235,   0.0235,  -1.4835,  -0.0000,   0.0000
   0.0309,   0.0236,   0.0236,   0.0236,  -1.4647,  -0.0000,   0.0000
   0.0310,   0.0237,   0.0237,   0.0237,  -1.4460,  -0.0000,   0.0000
   0.0311,   0.0237,   0.0237,   0.0237,  -1.4272,  -0.0000,   0.0000
   0.0312,   0.0238,   0.0238,   0.0238,  -1.4083,  -0.0000,   0.0000
   0.0314,   0.0239,   0.0239,   0.0239,  -1.3894,  -0.0000,   0.0000
   0.0315,   0.0240,   0.0240,   0.0240,  -1.3704,  -0.0000,   0.0000
   0.0316,   0.0241,   0.0241,   0.0241,  -1.3514,  -0.0000,   0.0000
   0.0317,   0.0241,   0.0241,   0.0241,  -1.3323,  -0.0000,   0.0000
   0.0318,   0.0242,   0.0242,   0.0242,  -1.3132,  -0.0000,   0.0000
   0.0319,   0.0243,   0.0243,   0.0243,  -1.2941,  -0.0000,   0.0000
   0.0320,   0.0244,   0.0244,   0.0244,  -1.2749,  -0.0000,   0.0000
   0.0321,   0.0244,   0.0244,   0.0244,  -1.2556,  -0.0000,   0.0000
   0.0323,   0.0245,   0.0245,   0.0245,  -1.2363,  -0.0000,   0.0000
   0.0324,   0.0246,   0.0246,   0.0246,  -1.2170,  -0.0000,   0.0000
   0.0325,   0.0247,   0.0247,   0.0247,  -1.1976,  -0.0000,   0.0000
   0.0326,   0.0248,   0.0248,   0.0248,  -1.1781,  -0.0000,   0.0000
   0.0327,   0.0249,   0.0249,   0.0249,  -1.1586,  -0.0000,   0.0000
   0.0328,   0.0249,   0.0249,   0.0249,  -1.1391,  -0.0000,   0.0000
   0.0330,   0.0250,   0.0250,   0.0250,  -1.1195,  -0.0000,   0.0000
   0.0331,   0.0251,   0.0251,   0.0251,  -1.0999,  -0.0000,   0.0000
   0.0332,   0.0252,   0.0252,   0.0252,  -1.0802,  -0.0000,   0.0000
   0.0333,   0.0253,   0.0253,   0.0253,  -1.0605,  -0.0000,   0.0000
   0.0334,   0.0253,   0.0253,   0.0253,  -1.0408,  -0.0000,   0.0000
   0.0336,   0.0254,   0.0254,   0.0254,  -1.0210,  -0.0000,   0.0000
   0.0337,   0.0255,   0.0255,   0.0255,  -1.0011,  -0.0000,   0.0000
   0.0338,   0.0256,   0.0256,   0.0256,  -0.9812,  -0.0000,   0.0000
   0.0339,   0.0257,   0.0257,   0.0257,  -0.9613,  -0.0000,   0.0000
   0.0341,   0.0258,   0.0258,   0.0258,  -0.9413,  -0.0000,   0.0000
   0.0342,   0.0258,   0.0258,   0.0258,  -0.9213,  -0.0000,   0.0000
   0.0343,   0.0259,   0.0259,   0.0259,  -0.9012,  -0.0000,   0.0000
   0.0344,   0.0260,   0.0260,   0.0260,  -0.8811,  -0.0000,   0.0000
   0.0346,   0.0261,   0.0261,   0.0261,  -0.8610,  -0.0000,   0.0000
   0.0347,   0.0262,   0.0262,   0.0262,  -0.8408,  -0.0000,   0.0000
   0.0348,   0.0263,   0.0263,   0.0263,  -0.8206,  -0.0000,   0.0000
   0.0349,   0.0263,   0.0263,   0.0263,  -0.8003,  -0.0000,   0.0000
   0.0351,   0.0264,   0.0264,   0.0264,  -0.7800,  -0.0000,   0.0000
   0.0352,   0.0265,   0.0265,   0.0265,  -0.7597,  -0.0000,   0.0000
   0.0353,   0.0266,   0.0266,   0.0266,  -0.7393,  -0.0000,   0.0000
   0.0355,   0.0267,   0.0267,   0.0267,  -0.7188,  -0.0000,   0.0000
   0.0356,   0.0268,   0.0268,   0.0268,  -0.6984,  -0.0000,   0.0000
   0.0357,   0.0268,   0.0268,   0.0268,  -0.6779,  -0.0000,   0.0000
   0.0359,   0.0269,   0.0269,   0.0269,  -0.6574,  -0.0000,   0.0000
   0.0360,   0.0270,   0.0270,   0.0270,  -0.6368,  -0.0000,   0.0000
   0.0361,   0.0271,   0.0271,   0.0271,  -0.6162,  -0.0000,   0.0000
   0.0363,   0.0272,   0.0272,   0.0272,  -0.5955,  -0.0000,   0.0000
   0.0364,   0.0273,   0.0273,   0.0273,  -0.5749,  -0.0000,   0.0000
   0.0365,   0.0274,   0.0274,   0.0274,  -0.5542,  -0.0000,   0.0000
   0.0367,   0.0274,   0.0274,   0.0274,  -0.5334,  -0.0000,   0.0000
   0.0368,   0.0275,   0.0275,   0.0275,  -0.5126,  -0.0000,   0.0000
   0.0369,   0.0276,   0.0276,   0.0276,  -0.4918,  -0.0000,   0.0000
   0.0371,   0.0277,   0.0277,   0.0277,  -0.4710,  -0.0000,   0.0000
   0.0372,   0.0278,   0.0278,   0.0278,  -0.4501,  -0.0000,   0.0000
   0.0373,   0.0279,   0.0279,   0.0279,  -0.4292,  -0.0000,   0.0000
   0.0375,   0.0280,   0.0280,   0.0280,  -0.4083,  -0.0000,   0.0000
   0.0376,   0.0280,   0.0280,   0.0280,  -0.3873,  -0.0000,   0.0000
   0.0378,   0.0281,   0.0281,   0.0281,  -0.3663,  -0.0000,   0.0000
   0.0379,   0.0282,   0.0282,   0.0282,  -0.3453,  -0.0000,   0.0000
   0.0381,   0.0283,   0.0283,   0.0283,  -0.3243,  -0.0000,   0.0000
   0.0382,   0.0284,   0.0284,   0.0284,  -0.3032,  -0.0000,   0.0000
   0.0383,   0.0285,   0.0285,   0.0285,  -0.2821,  -0.0000,   0.0000
   0.0385,   0.0286,   0.0286,   0.0286,  -0.2610,  -0.0000,   0.0000
   0.0386,   0.0287,   0.0287,   0.0287,  -0.2398,  -0.0000,   0.0000
   0.0388,   0.0287,   0.0287,   0.0287,  -0.2186,  -0.0000,   0.0000
   0.0389,   0.0288,   0.0288,   0.0288,  -0.1974,  -0.0000,   0.0000
   0.0391,   0.0289,   0.0289,   0.0289,  -0.1762,  -0.0000,   0.0000
   0.0392,   0.0290,   0.0290,   0.0290,  -0.1550,  -0.0000,   0.0000
   0.0394,   0.0291,   0.0291,   0.0291,  -0.1337,  -0.0000,   0.0000
   0.0395,   0.0292,   0.0292,   0.0292,  -0.1124,  -0.0000,   0.0000
   0.0397,   0.0293,   0.0293,   0.0293,  -0.0911,  -0.0000,   0.0000
   0.0398,   0.0294,   0.0294,   0.0294,  -0.0698,  -0.0000,   0.0000
   0.0400,   0.0295,   0.0295,   0.0295,  -0.0485,  -0.0000,   0.0000
   0.0401,   0.0295,   0.0295,   0.0295,  -0.0271,  -0.0000,   0.0000
   0.0403,   0.0296,   0.0296,   0.0296,  -0.0057,  -0.0000,   0.0000
   0.0404,   0.0297,   0.0297,   0.0297,   0.0156,   0.0000,   0.0000
   0.0406,   0.0298,   0.0298,   0.0298,   0.0370,   0.0000,   0.0000
   0.0407,   0.0299,   0.0299,   0.0299,   0.0585,   0.0000,   0.0000
   0.0409,   0.0300,   0.0300,   0.0300,   0.0799,   0.0000,   0.0000
   0.0410,   0.0301,   0.0301,   0.0301,   0.1013,   0.0000,   0.0000
   0.0412,   0.0302,   0.0302,   0.0302,   0.1228,   0.0000,   0.0000
   0.0414,   0.0303,   0.0303,   0.0303,   0.1442,   0.0000,   0.0000
   0.0415,   0.0303,   0.0303,   0.0303,   0.1657,   0.0000,   0.0000
   0.0417,   0.0304,   0.0304,   0.0304,   0.1872,   0.0000,   0.0000
   0.0418,   0.0305,   0.0305,   0.0305,   0.2087,   0.0000,   0.0000
   0.0420,   0.0306,   0.0306,   0.0306,   0.2301,   0.0000,   0.0000
   0.0422,   0.0307,   0.0307,   0.0307,   0.2516,   0.0000,   0.0000
   0.0423,   0.0308,   0.0308,   0.0308,   0.2731,   0.0000,   0.0000
   0.0425,   0.0309,   0.0309,   0.0309,   0.2946,   0.0000,   0.0000
   0.0426,   0.0310,   0.0310,   0.0310,   0.3161,   0.0000,   0.0000
   0.0428,   0.0311,   0.0311,   0.0311,   0.3376,   0.0000,   0.0000
   0.0430,   0.0311,   0.0311,   0.0311,   0.3591,   0.0000,   0.0000
   0.0431,   0.0312,   0.0312,   0.0312,   0.3806,   0.0000,   0.0000
   0.0433,   0.0313,   0.0313,   0.0313,   0.4021,   0.0000,   0.0000
   0.0435,   0.0314,   0.0314,   0.0314,   0.4236,   0.0000,   0.0000
   0.0436,   0.0315,   0.0315,   0.0315,   0.4451,   0.0000,   0.0000
   0.0438,   0.0316,   0.0316,   0.0316,   0.4666,   0.0000,   0.0000
   0.0440,   0.0317,   0.0317,   0.0317,   0.4881,   0.0000,   0.0000
   0.0441,   0.0318,   0.0318,   0.0318,   0.5095,   0.0000,   0.0000
   0.0443,   0.0319,   0.0319,   0.0319,   0.5310,   0.0000,   0.0000
   0.0445,   0.0319,   0.0319,   0.0319,   0.5524,   0.0000,   0.0000
   0.0447,   0.0320,   0.0320,   0.0320,   0.5739,   0.0000,   0.0000
   0.0448,   0.0321,   0.0321,   0.0321,   0.5953,   0.0000,   0.0000
   0.0450,   0.0322,   0.0322,   0.0322,   0.6167,   0.0000,   0.0000
   0.0452,   0.0323,   0.0323,   0.0323,   0.6381,   0.0000,   0.0000
   0.0454,   0.0324,   0.0324,   0.0324,   0.6594,   0.0000,   0.0000
   0.0455,   0.0325,   0.0325,   0.0325,   0.6808,   0.0000,   0.0000
   0.0457,   0.0326,   0.0326,   0.0326,   0.7021,   0.0000,   0.0000
   0.0459,   0.0327,   0.0327,   0.0327,   0.7234,   0.0000,   0.0000
   0.0461,   0.0327,   0.0327,   0.0327,   0.7447,   0.0000,   0.0000
   0.0462,   0.0328,   0.0328,   0.0328,   0.7660,   0.0000,   0.0000
   0.0464,   0.0329,   0.0329,   0.0329,   0.7872,   0.0000,   0.0000
   0.0466,   0.0330,   0.0330,   0.0330,   0.8084,   0.0000,   0.0000
   0.0468,   0.0331,   0.0331,   0.0331,   0.8296,   0.0000,   0.0000
   0.0470,   0.0332,   0.0332,   0.0332,   0.8508,   0.0000,   0.0000
   0.0471,   0.0333,   0.0333,   0.0333,   0.8719,   0.0000,   0.0000
   0.0473,   0.0334,   0.0334,   0.0334,   0.8930,   0.0000,   0.0000
   0.0475,   0.0334,   0.0334,   0.0334,   0.9140,   0.0000,   0.0000
   0.0477,   0.0335,   0.0335,   0.0335,   0.9350,   0.0000,   0.0000
   0.0479,   0.0336,   0.0336,   0.0336,   0.9560,   0.0000,   0.0000
   0.0481,   0.0337,   0.0337,   0.0337,   0.9770,   0.0000,   0.0000
   0.0482,   0.0338,   0.0338,   0.0338,   0.9979,   0.0000,   0.0000
   0.0484,   0.0339,   0.0339,   0.0339,   1.0187,   0.0000,   0.0000
   0.0486,   0.0340,   0.0340,   0.0340,   1.0396,   0.0000,   0.0000
   0.0488,   0.0341,   0.0341,   0.0341,   1.0603,   0.0000,   0.0000
   0.0490,   0.0341,   0.0341,   0.0341,   1.0811,   0.0000,   0.0000
   0.0492,   0.0342,   0.0342,   0.0342,   1.1017,   0.0000,   0.0000
   0.0494,   0.0343,   0.0343,   0.0343,   1.1224,   0.0000,   0.0000
   0.0496,   0.0344,   0.0344,   0.0344,   1.1429,   0.0000,   0.0000
   0.0498,   0.0345,   0.0345,   0.0345,   1.1635,   0.0000,   0.0000
   0.0499,   0.0346,   0.0346,   0.0346,   1.1839,   0.0000,   0.0000
   0.0501,   0.0347,   0.0347,   0.0347,   1.2044,   0.0000,   0.0000
   0.0503,   0.0347,   0.0347,   0.0347,   1.2247,   0.0000,   0.0000
   0.0505,   0.0348,   0.0348,   0.0348,   1.2450,   0.0000,   0.0000
   0.0507,   0.0349,   0.0349,   0.0349,   1.2652,   0.0000,   0.0000
   0.0509,   0.0350,   0.0350,   0.0350,   1.2854,   0.0000,   0.0000
   0.0511,   0.0351,   0.0351,   0.0351,   1.3055,   0.0000,   0.0000
   0.0513,   0.0352,   0.0352,   0.0352,   1.3255,   0.0000,   0.0000
   0.0515,   0.0352,   0.0352,   0.0352,   1.3455,   0.0000,   0.0000
   0.0517,   0.0353,   0.0353,   0.0353,   1.3654,   0.0000,   0.0000
   0.0519,   0.0354,   0.0354,   0.0354,   1.3852,   0.0000,   0.0000
   0.0521,   0.0355,   0.0355,   0.0355,   1.4050,   0.0000,   0.0000
   0.0523,   0.0356,   0.0356,   0.0356,   1.4247,   0.0000,   0.0000
   0.0525,   0.0356,   0.0356,   0.0356,   1.4443,   0.0000,   0.0000
   0.0527,   0.0357,   0.0357,   0.0357,   1.4638,   0.0000,   0.0000
   0.0529,   0.0358,   0.0358,   0.0358,   1.4832,   0.0000,   0.0000
   0.0531,   0.0359,   0.0359,   0.0359,   1.5026,   0.0000,   0.0000
   0.0533,   0.0360,   0.0360,   0.0360,   1.5218,   0.0000,   0.0000
   0.0535,   0.0360,   0.0360,   0.0360,   1.5410,   0.0000,   0.0000
   0.0537,   0.0361,   0.0361,   0.0361,   1.5601,   0.0000,   0.0000
   0.0539,   0.0362,   0.0362,   0.0362,   1.5791,   0.0000,   0.0000
   0.0542,   0.0363,   0.0363,   0.0363,   1.5980,   0.0000,   0.0000
   0.0544,   0.0364,   0.0364,   0.0364,   1.6168,   0.0000,   0.0000
   0.0546,   0.0364,   0.0364,   0.0364,   1.6355,   0.0000,   0.0000
   0.0548,   0.0365,   0.0365,   0.0365,   1.6541,   0.0000,   0.0000
   0.0550,   0.0366,   0.0366,   0.0366,   1.6726,   0.0000,   0.0000
   0.0552,   0.0367,   0.0367,   0.0367,   1.6910,   0.0000,   0.0000
   0.0554,   0.0367,   0.0367,   0.0367,   1.7094,   0.0000,   0.0000
   0.0556,   0.0368,   0.0368,   0.0368,   1.7275,   0.0000,   0.0000
   0.0558,   0.0369,   0.0369,   0.0369,   1.7456,   0.0000,   0.0000
   0.0560,   0.0370,   0.0370,   0.0370,   1.7636,   0.0000,   0.0000
   0.0563,   0.0370,   0.0370,   0.0370,   1.7815,   0.0000,   0.0000
   0.0565,   0.0371,   0.0371,   0.0371,   1.7992,   0.0000,   0.0000
   0.0567,   0.0372,   0.0372,   0.0372,   1.8168,   0.0000,   0.0000
   0.0569,   0.0373,   0.0373,   0.0373,   1.8343,   0.0000,   0.0000
   0.0571,   0.0373,   0.0373,   0.0373,   1.8517,   0.0000,   0.0000
   0.0573,   0.0374,   0.0374,   0.0374,   1.8690,   0.0000,   0.0000
   0.0576,   0.0375,   0.0375,   0.0375,   1.8861,   0.0000,   0.0000
   0.0578,   0.0375,   0.0375,   0.0375,   1.9031,   0.0000,   0.0000
   0.0580,   0.0376,   0.0376,   0.0376,   1.9200,   0.0000,   0.0000
   0.0582,   0.0377,   0.0377,   0.0377,   1.9367,   0.0000,   0.0000
   0.0584,   0.0378,   0.0378,   0.0378,   1.9533,   0.0000,   0.0000
   0.0587,   0.0378,   0.0378,   0.0378,   1.9698,   0.0000,   0.0000
   0.0589,   0.0379,   0.0379,   0.0379,   1.9861,   0.0000,   0.0000
   0.0591,   0.0380,   0.0380,   0.0380,   2.0023,   0.0000,   0.0000
   0.0593,   0.0380,   0.0380,   0.0380,   2.0184,   0.0000,   0.0000
   0.0595,   0.0381,   0.0381,   0.0381,   2.0342,   0.0000,   0.0000
   0.0598,   0.0382,   0.0382,   0.0382,   2.0500,   0.0000,   0.0000
   0.0600,   0.0382,   0.0382,   0.0382,   2.0656,   0.0000,   0.0000
   0.0602,   0.0383,   0.0383,   0.0383,   2.0810,   0.0000,   0.0000
   0.0604,   0.0384,   0.0384,   0.0384,   2.0963,   0.0000,   0.0000
   0.0607,   0.0384,   0.0384,   0.0384,   2.1115,   0.0000,   0.0000
   0.0609,   0.0385,   0.0385,   0.0385,   2.1264,   0.0000,   0.0000
   0.0611,   0.0385,   0.0385,   0.0385,   2.1412,   0.0000,   0.0000
   0.0613,   0.0386,   0.0386,   0.0386,   2.1559,   0.0000,   0.0000
   0.0616,   0.0387,   0.0387,   0.0387,   2.1704,   0.0000,   0.0000
   0.0618,   0.0387,   0.0387,   0.0387,   2.1847,   0.0000,   0.0000
   0.0620,   0.0388,   0.0388,   0.0388,   2.1988,   0.0000,   0.0000
   0.0623,   0.0388,   0.0388,   0.0388,   2.2128,   0.0000,   0.0000
   0.0625,   0.0389,   0.0389,   0.0389,   2.2266,   0.0000,   0.0000
   0.0627,   0.0389,   0.0389,   0.0389,   2.2402,   0.0000,   0.0000
   0.0630,   0.0390,   0.0390,   0.0390,   2.2537,   0.0000,   0.0000
   0.0632,   0.0391,   0.0391,   0.0391,   2.2669,   0.0000,   0.0000
   0.0634,   0.0391,   0.0391,   0.0391,   2.2800,   0.0000,   0.0000
   0.0636,   0.0392,   0.0392,   0.0392,   2.2929,   0.0000,   0.0000
   0.0639,   0.0392,   0.0392,   0.0392,   2.3056,   0.0000,   0.0000
   0.0641,   0.0393,   0.0393,   0.0393,   2.3181,   0.0000,   0.0000
   0.0643,   0.0393,   0.0393,   0.0393,   2.3304,   0.0000,   0.0000
   0.0646,   0.0394,   0.0394,   0.0394,   2.3425,   0.0000,   0.0000
   0.0648,   0.0394,   0.0394,   0.0394,   2.3545,   0.0000,   0.0000
   0.0651,   0.0395,   0.0395,   0.0395,   2.3662,   0.0000,   0.0000
   0.0653,   0.0395,   0.0395,   0.0395,   2.3777,   0.0000,   0.0000
   0.0655,   0.0396,   0.0396,   0.0396,   2.3890,   0.0000,   0.0000
   0.0658,   0.0396,   0.0396,   0.0396,   2.4002,   0.0000,   0.0000
   0.0660,   0.0397,   0.0397,   0.0397,   2.4111,   0.0000,   0.0000
   0.0662,   0.0397,   0.0397,   0.0397,   2.4218,   0.0000,   0.0000
   0.0665,   0.0397,   0.0397,   0.0397,   2.4323,   0.0000,   0.0000
   0.0667,   0.0398,   0.0398,   0.0398,   2.4425,   0.0000,   0.0000
   0.0670,   0.0398,   0.0398,   0.0398,   2.4526,   0.0000,   0.0000
   0.0672,   0.0399,   0.0399,   0.0399,   2.4624,   0.0000,   0.0000
   0.0674,   0.0399,   0.0399,   0.0399,   2.4720,   0.0000,   0.0000
   0.0677,   0.0399,   0.0399,   0.0399,   2.4814,   0.0000,   0.0000
   0.0679,   0.0400,   0.0400,   0.0400,   2.4906,   0.0000,   0.0000
   0.0681,   0.0400,   0.0400,   0.0400,   2.4996,   0.0000,   0.0000
   0.0684,   0.0401,   0.0401,   0.0401,   2.5083,   0.0000,   0.0000
   0.0686,   0.0401,   0.0401,   0.0401,   2.5168,   0.0000,   0.0000
   0.0689,   0.0401,   0.0401,   0.0401,   2.5250,   0.0000,   0.0000
   0.0691,   0.0402,   0.0402,   0.0402,   2.5330,   0.0000,   0.0000
   0.0694,   0.0402,   0.0402,   0.0402,   2.5408,   0.0000,   0.0000
   0.0696,   0.0402,   0.0402,   0.0402,   2.5483,   0.0000,   0.0000
   0.0698,   0.0403,   0.0403,   0.0403,   2.5556,   0.0000,   0.0000
   0.0701,   0.0403,   0.0403,   0.0403,   2.5627,   0.0000,   0.0000
   0.0703,   0.0403,   0.0403,   0.0403,   2.5695,   0.0000,   0.0000
   0.0706,   0.0403,   0.0403,   0.0403,   2.5761,   0.0000,   0.0000
   0.0708,   0.0404,   0.0404,   0.0404,   2.5824,   0.0000,   0.0000
   0.0711,   0.0404,   0.0404,   0.0404,   2.5885,   0.0000,   0.0000
   0.0713,   0.0404,   0.0404,   0.0404,   2.5943,   0.0000,   0.0000
   0.0715,   0.0404,   0.0404,   0.0404,   2.5998,   0.0000,   0.0000
   0.0718,   0.0405,   0.0405,   0.0405,   2.6051,   0.0000,   0.0000
   0.0720,   0.0405,   0.0405,   0.0405,   2.6102,   0.0000,   0.0000
   0.0723,   0.0405,   0.0405,   0.0405,   2.6150,   0.0000,   0.0000
   0.0725,   0.0405,   0.0405,   0.0405,   2.6195,   0.0000,   0.0000
   0.0728,   0.0405,   0.0405,   0.0405,   2.6238,   0.0000,   0.0000
   0.0730,   0.0406,   0.0406,   0.0406,   2.6278,   0.0000,   0.0000
   0.0733,   0.0406,   0.0406,   0.0406,   2.6315,   0.0000,   0.0000
   0.0735,   0.0406,   0.0406,   0.0406,   2.6350,   0.0000,   0.0000
   0.0738,   0.0406,   0.0406,   0.0406,   2.6382,   0.0000,   0.0000
   0.0740,   0.0406,   0.0406,   0.0406,   2.6411,   0.0000,   0.0000
   0.0742,   0.0406,   0.0406,   0.0406,   2.6438,   0.0000,   0.0000
   0.0745,   0.0406,   0.0406,   0.0406,   2.6462,   0.0000,   0.0000
   0.0747,   0.0406,   0.0406,   0.0406,   2.6483,   0.0000,   0.0000
   0.0750,   0.0406,   0.0406,   0.0406,   2.6501,   0.0000,   0.0000
   0.0752,   0.0407,   0.0407,   0.0407,   2.6517,   0.0000,   0.0000
   0.0755,   0.0407,   0.0407,   0.0407,   2.6530,   0.0000,   0.0000
   0.0757,   0.0407,   0.0407,   0.0407,   2.6539,   0.0000,   0.0000
   0.0760,   0.0407,   0.0407,   0.0407,   2.6547,   0.0000,   0.0000
   0.0762,   0.0407,   0.0407,   0.0407,   2.6551,   0.0000,   0.0000
   0.0765,   0.0407,   0.0407,   0.0407,   2.6552,   0.0000,   0.0000
   0.0767,   0.0407,   0.0407,   0.0407,   2.6551,   0.0000,   0.0000
   0.0770,   0.0407,   0.0407,   0.0407,   2.6547,   0.0000,   0.0000
   0.0772,   0.0407,   0.0407,   0.0407,   2.6540,   0.0000,   0.0000
   0.0774,   0.0407,   0.0407,   0.0407,   2.6530,   0.0000,   0.0000
   0.0777,   0.0407,   0.0407,   0.0407,   2.6517,   0.0000,   0.0000
   0.0779,   0.0406,   0.0406,   0.0406,   2.6501,   0.0000,   0.0000
   0.0782,   0.0406,   0.0406,   0.0406,   2.6482,   0.0000,   0.0000
   0.0784,   0.0406,   0.0406,   0.0406,   2.6461,   0.0000,   0.0000
   0.0787,   0.0406,   0.0406,   0.0406,   2.6436,   0.0000,   0.0000
   0.0789,   0.0406,   0.0406,   0.0406,   2.6409,   0.0000,   0.0000
   0.0792,   0.0406,   0.0406,   0.0406,   2.6378,   0.0000,   0.0000
   0.0794,   0.0406,   0.0406,   0.0406,   2.6345,   0.0000,   0.0000
   0.0797,   0.0406,   0.0406,   0.0406,   2.6308,   0.0000,   0.0000
   0.0799,   0.0406,   0.0406,   0.0406,   2.6269,   0.0000,   0.0000
   0.0802,   0.0405,   0.0405,   0.0405,   2.6226,   0.0000,   0.0000
   0.0804,   0.0405,   0.0405,   0.0405,   2.6181,   0.0000,   0.0000
   0.0806,   0.0405,   0.0405,   0.0405,   2.6133,   0.0000,   0.0000
   0.0809,   0.0405,   0.0405,   0.0405,   2.6081,   0.0000,   0.0000
   0.0811,   0.0405,   0.0405,   0.0405,   2.6027,   0.0000,   0.0000
   0.0814,   0.0404,   0.0404,   0.0404,   2.5970,   0.0000,   0.0000
   0.0816,   0.0404,   0.0404,   0.0404,   2.5909,   0.0000,   0.0000
   0.0819,   0.0404,   0.0404,   0.0404,   2.5846,   0.0000,   0.0000
   0.0821,   0.0403,   0.0403,   0.0403,   2.5779,   0.0000,   0.0000
   0.0824,   0.0403,   0.0403,   0.0403,   2.5710,   0.0000,   0.0000
   0.0826,   0.0403,   0.0403,   0.0403,   2.5637,   0.0000,   0.0000
   0.0828,   0.0403,   0.0403,   0.0403,   2.5562,   0.0000,   0.0000
   0.0831,   0.0402,   0.0402,   0.0402,   2.5483,   0.0000,   0.0000
   0.0833,   0.0402,   0.0402,   0.0402,   2.5402,   0.0000,   0.0000
   0.0836,   0.0402,   0.0402,   0.0402,   2.5317,   0.0000,   0.0000
   0.0838,   0.0401,   0.0401,   0.0401,   2.5230,   0.0000,   0.0000
   0.0841,   0.0401,   0.0401,   0.0401,   2.5139,   0.0000,   0.0000
   0.0843,   0.0400,   0.0400,   0.0400,   2.5045,   0.0000,   0.0000
   0.0845,   0.0400,   0.0400,   0.0400,   2.4948,   0.0000,   0.0000
   0.0848,   0.0400,   0.0400,   0.0400,   2.4849,   0.0000,   0.0000
   0.0850,   0.0399,   0.0399,   0.0399,   2.4746,   0.0000,   0.0000
   0.0853,   0.0399,   0.0399,   0.0399,   2.4640,   0.0000,   0.0000
   0.0855,   0.0398,   0.0398,   0.0398,   2.4531,   0.0000,   0.0000
   0.0857,   0.0398,   0.0398,   0.0398,   2.4420,   0.0000,   0.0000
   0.0860,   0.0397,   0.0397,   0.0397,   2.4305,   0.0000,   0.0000
   0.0862,   0.0397,   0.0397,   0.0397,   2.4187,   0.0000,   0.0000
   0.0864,   0.0396,   0.0396,   0.0396,   2.4066,   0.0000,   0.0000
   0.0867,   0.0396,   0.0396,   0.0396,   2.3942,   0.0000,   0.0000
   0.0869,   0.0395,   0.0395,   0.0395,   2.3816,   0.0000,   0.0000
   0.0872,   0.0395,   0.0395,   0.0395,   2.3686,   0.0000,   0.0000
   0.0874,   0.0394,   0.0394,   0.0394,   2.3553,   0.0000,   0.0000
   0.0876,   0.0394,   0.0394,   0.0394,   2.3417,   0.0000,   0.0000
   0.0879,   0.0393,   0.0393,   0.0393,   2.3279,   0.0000,   0.0000
   0.0881,   0.0393,   0.0393,   0.0393,   2.3137,   0.0000,   0.0000
   0.0883,   0.0392,   0.0392,   0.0392,   2.2992,   0.0000,   0.0000
   0.0886,   0.0391,   0.0391,   0.0391,   2.2845,   0.0000,   0.0000
   0.0888,   0.0391,   0.0391,   0.0391,   2.2694,   0.0000,   0.0000
   0.0890,   0.0390,   0.0390,   0.0390,   2.2541,   0.0000,   0.0000
   0.0893,   0.0389,   0.0389,   0.0389,   2.2385,   0.0000,   0.0000
   0.0895,   0.0389,   0.0389,   0.0389,   2.2226,   0.0000,   0.0000
   0.0897,   0.0388,   0.0388,   0.0388,   2.2064,   0.0000,   0.0000
   0.0900,   0.0387,   0.0387,   0.0387,   2.1899,   0.0000,   0.0000
   0.0902,   0.0387,   0.0387,   0.0387,   2.1731,   0.0000,   0.0000
   0.0904,   0.0386,   0.0386,   0.0386,   2.1561,   0.0000,   0.0000
   0.0906,   0.0385,   0.0385,   0.0385,   2.1387,   0.0000,   0.0000
   0.0909,   0.0385,   0.0385,   0.0385,   2.1211,   0.0000,   0.0000
   0.0911,   0.0384,   0.0384,   0.0384,   2.1032,   0.0000,   0.0000
   0.0913,   0.0383,   0.0383,   0.0383,   2.0850,   0.0000,   0.0000
   0.0915,   0.0382,   0.0382,   0.0382,   2.0666,   0.0000,   0.0000
   0.0918,   0.0381,   0.0381,   0.0381,   2.0478,   0.0000,   0.0000
   0.0920,   0.0381,   0.0381,   0.0381,   2.0288,   0.0000,   0.0000
   0.0922,   0.0380,   0.0380,   0.0380,   2.0096,   0.0000,   0.0000
   0.0924,   0.0379,   0.0379,   0.0379,   1.9900,   0.0000,   0.0000
   0.0927,   0.0378,   0.0378,   0.0378,   1.9702,   0.0000,   0.0000
   0.0929,   0.0377,   0.0377,   0.0377,   1.9501,   0.0000,   0.0000
   0.0931,   0.0377,   0.0377,   0.0377,   1.9298,   0.0000,   0.0000
   0.0933,   0.0376,   0.0376,   0.0376,   1.9092,   0.0000,   0.0000
   0.0935,   0.0375,   0.0375,   0.0375,   1.8883,   0.0000,   0.0000
   0.0938,   0.0374,   0.0374,   0.0374,   1.8672,   0.0000,   0.0000
   0.0940,   0.0373,   0.0373,   0.0373,   1.8458,   0.0000,   0.0000
   0.0942,   0.0372,   0.0372,   0.0372,   1.8241,   0.0000,   0.0000
   0.0944,   0.0371,   0.0371,   0.0371,   1.8022,   0.0000,   0.0000
   0.0946,   0.0370,   0.0370,   0.0370,   1.7801,   0.0000,   0.0000
   0.0948,   0.0369,   0.0369,   0.0369,   1.7577,   0.0000,   0.0000
   0.0951,   0.0369,   0.0369,   0.0369,   1.7350,   0.0000,   0.0000
   0.0953,   0.0368,   0.0368,   0.0368,   1.7122,   0.0000,   0.0000
   0.0955,   0.0367,   0.0367,   0.0367,   1.6890,   0.0000,   0.0000
   0.0957,   0.0366,   0.0366,   0.0366,   1.6657,   0.0000,   0.0000
   0.0959,   0.0365,   0.0365,   0.0365,   1.6421,   0.0000,   0.0000
   0.0961,   0.0364,   0.0364,   0.0364,   1.6182,   0.0000,   0.0000
   0.0963,   0.0363,   0.0363,   0.0363,   1.5941,   0.0000,   0.0000
   0.0965,   0.0362,   0.0362,   0.0362,   1.5698,   0.0000,   0.0000
   0.0967,   0.0361,   0.0361,   0.0361,   1.5453,   0.0000,   0.0000
   0.0969,   0.0360,   0.0360,   0.0360,   1.5206,   0.0000,   0.0000
   0.0971,   0.0359,   0.0359,   0.0359,   1.4956,   0.0000,   0.0000
   0.0973,   0.0358,   0.0358,   0.0358,   1.4704,   0.0000,   0.0000
   0.0975,   0.0356,   0.0356,   0.0356,   1.4450,   0.0000,   0.0000
   0.0977,   0.0355,   0.0355,   0.0355,   1.4193,   0.0000,   0.0000
   0.0980,   0.0354,   0.0354,   0.0354,   1.3935,   0.0000,   0.0000
   0.0982,   0.0353,   0.0353,   0.0353,   1.3674,   0.0000,   0.0000
   0.0984,   0.0352,   0.0352,   0.0352,   1.3411,   0.0000,   0.0000
   0.0985,   0.0351,   0.0351,   0.0351,   1.3147,   0.0000,   0.0000
   0.0987,   0.0350,   0.0350,   0.0350,   1.2880,   0.0000,   0.0000
   0.0989,   0.0349,   0.0349,   0.0349,   1.2611,   0.0000,   0.0000
   0.0991,   0.0348,   0.0348,   0.0348,   1.2341,   0.0000,   0.0000
   0.0993,   0.0347,   0.0347,   0.0347,   1.2068,   0.0000,   0.0000
   0.0995,   0.0345,   0.0345,   0.0345,   1.1794,   0.0000,   0.0000
   0.0997,   0.0344,   0.0344,   0.0344,   1.1517,   0.0000,   0.0000
   0.0999,   0.0343,   0.0343,   0.0343,   1.1239,   0.0000,   0.0000
   0.1001,   0.0342,   0.0342,   0.0342,   1.0959,   0.0000,   0.0000
   0.1003,   0.0341,   0.0341,   0.0341,   1.0677,   0.0000,   0.0000
   0.1005,   0.0340,   0.0340,   0.0340,   1.0393,   0.0000,   0.0000
   0.1007,   0.0338,   0.0338,   0.0338,   1.0108,   0.0000,   0.0000
   0.1009,   0.0337,   0.0337,   0.0337,   0.9821,   0.0000,   0.0000
   0.1010,   0.0336,   0.0336,   0.0336,   0.9532,   0.0000,   0.0000
   0.1012,   0.0335,   0.0335,   0.0335,   0.9242,   0.0000,   0.0000
   0.1014,   0.0334,   0.0334,   0.0334,   0.8950,   0.0000,   0.0000
   0.1016,   0.0332,   0.0332,   0.0332,   0.8656,   0.0000,   0.0000
   0.1018,   0.0331,   0.0331,   0.0331,   0.8361,   0.0000,   0.0000
   0.1020,   0.0330,   0.0330,   0.0330,   0.8064,   0.0000,   0.0000
   0.1021,   0.0329,   0.0329,   0.0329,   0.7766,   0.0000,   0.0000
   0.1023,   0.0328,   0.0328,   0.0328,   0.7466,   0.0000,   0.0000
   0.1025,   0.0326,   0.0326,   0.0326,   0.7165,   0.0000,   0.0000
   0.1027,   0.0325,   0.0325,   0.0325,   0.6863,   0.0000,   0.0000
   0.1029,   0.0324,   0.0324,   0.0324,   0.6559,   0.0000,   0.0000
   0.1030,   0.0322,   0.0322,   0.0322,   0.6253,   0.0000,   0.0000
   0.1032,   0.0321,   0.0321,   0.0321,   0.5947,   0.0000,   0.0000
   0.1034,   0.0320,   0.0320,   0.0320,   0.5639,   0.0000,   0.0000
   0.1035,   0.0319,   0.0319,   0.0319,   0.5330,   0.0000,   0.0000
   0.1037,   0.0317,   0.0317,   0.0317,   0.5020,   0.0000,   0.0000
   0.1039,   0.0316,   0.0316,   0.0316,   0.4708,   0.0000,   0.0000
   0.1041,   0.0315,   0.0315,   0.0315,   0.4395,   0.0000,   0.0000
   0.1042,   0.0313,   0.0313,   0.0313,   0.4082,   0.0000,   0.0000
   0.1044,   0.0312,   0.0312,   0.0312,   0.3767,   0.0000,   0.0000
   0.1046,   0.0311,   0.0311,   0.0311,   0.3451,   0.0000,   0.0000
   0.1047,   0.0310,   0.0310,   0.0310,   0.3134,   0.0000,   0.0000
   0.1049,   0.0308,   0.0308,   0.0308,   0.2816,   0.0000,   0.0000
   0.1050,   0.0307,   0.0307,   0.0307,   0.2497,   0.0000,   0.0000
   0.1052,   0.0306,   0.0306,   0.0306,   0.2177,   0.0000,   0.0000
   0.1054,   0.0304,   0.0304,   0.0304,   0.1856,   0.0000,   0.0000
   0.1055,   0.0303,   0.0303,   0.0303,   0.1534,   0.0000,   0.0000
   0.1057,   0.0302,   0.0302,   0.0302,   0.1212,   0.0000,   0.0000
   0.1058,   0.0300,   0.0300,   0.0300,   0.0888,   0.0000,   0.0000
   0.1060,   0.0299,   0.0299,   0.0299,   0.0564,   0.0000,   0.0000
   0.1062,   0.0298,   0.0298,   0.0298,   0.0239,   0.0000,   0.0000
   0.1063,   0.0296,   0.0296,   0.0296,  -0.0087,  -0.0000,   0.0000
   0.1065,   0.0295,   0.0295,   0.0295,  -0.0413,  -0.0000,   0.0000
   0.1066,   0.0293,   0.0293,   0.0293,  -0.0740,  -0.0000,   0.0000
   0.1068,   0.0292,   0.0292,   0.0292,  -0.1068,  -0.0000,   0.0000
   0.1069,   0.0291,   0.0291,   0.0291,  -0.1396,  -0.0000,   0.0000
   0.1071,   0.0289,   0.0289,   0.0289,  -0.1725,  -0.0000,   0.0000
   0.1072,   0.0288,   0.0288,   0.0288,  -0.2054,  -0.0000,   0.0000
   0.1074,   0.0287,   0.0287,   0.0287,  -0.2384,  -0.0000,   0.0000
   0.1075,   0.0285,   0.0285,   0.0285,  -0.2715,  -0.0000,   0.0000
   0.1077,   0.0284,   0.0284,   0.0284,  -0.3046,  -0.0000,   0.0000
   0.1078,   0.0283,   0.0283,   0.0283,  -0.3377,  -0.0000,   0.0000
   0.1079,   0.0281,   0.0281,   0.0281,  -0.3709,  -0.0000,   0.0000
   0.1081,   0.0280,   0.0280,   0.0280,  -0.4041,  -0.0000,   0.0000
   0.1082,   0.0278,   0.0278,   0.0278,  -0.4373,  -0.0000,   0.0000
   0.1084,   0.0277,   0.0277,   0.0277,  -0.4706,  -0.0000,   0.0000
   0.1085,   0.0276,   0.0276,   0.0276,  -0.5039,  -0.0000,   0.0000
   0.1086,   0.0274,   0.0274,   0.0274,  -0.5373,  -0.0000,   0.0000
   0.1088,   0.0273,   0.0273,   0.0273,  -0.5706,  -0.0000,   0.0000
   0.1089,   0.0272,   0.0272,   0.0272,  -0.6040,  -0.0000,   0.0000
   0.1090,   0.0270,   0.0270,   0.0270,  -0.6374,  -0.0000,   0.0000
   0.1092,   0.0269,   0.0269,   0.0269,  -0.6708,  -0.0000,   0.0000
   0.1093,   0.0267,   0.0267,   0.0267,  -0.7042,  -0.0000,   0.0000
   0.1094,   0.0266,   0.0266,   0.0266,  -0.7377,  -0.0000,   0.0000
   0.1096,   0.0265,   0.0265,   0.0265,  -0.7711,  -0.0000,   0.0000
   0.1097,   0.0263,   0.0263,   0.0263,  -0.8045,  -0.0000,   0.0000
   0.1098,   0.0262,   0.0262,   0.0262,  -0.8380,  -0.0000,   0.0000
   0.1100,   0.0260,   0.0260,   0.0260,  -0.8714,  -0.0000,   0.0000
   0.1101,   0.0259,   0.0259,   0.0259,  -0.9049,  -0.0000,   0.0000
   0.1102,   0.0258,   0.0258,   0.0258,  -0.9383,  -0.0000,   0.0000
   0.1103,   0.0256,   0.0256,   0.0256,  -0.9717,  -0.0000,   0.0000
   0.1105,   0.0255,   0.0255,   0.0255,  -1.0051,  -0.0000,   0.0000
   0.1106,   0.0253,   0.0253,   0.0253,  -1.0385,  -0.0000,   0.0000
   0.1107,   0.0252,   0.0252,   0.0252,  -1.0719,  -0.0000,   0.0000
   0.1108,   0.0251,   0.0251,   0.0251,  -1.1053,  -0.0000,   0.0000
   0.1109,   0.0249,   0.0249,   0.0249,  -1.1386,  -0.0000,   0.0000
   0.1111,   0.0248,   0.0248,   0.0248,  -1.1719,  -0.0000,   0.0000
   0.1112,   0.0247,   0.0247,   0.0247,  -1.2052,  -0.0000,   0.0000
   0.1113,   0.0245,   0.0245,   0.0245,  -1.2385,  -0.0000,   0.0000
   0.1114,   0.0244,   0.0244,   0.0244,  -1.2717,  -0.0000,   0.0000
   0.1115,   0.0242,   0.0242,   0.0242,  -1.3049,  -0.0000,   0.0000
   0.1116,   0.0241,   0.0241,   0.0241,  -1.3381,  -0.0000,   0.0000
   0.1117,   0.0240,   0.0240,   0.0240,  -1.3712,  -0.0000,   0.0000
   0.1119,   0.0238,   0.0238,   0.0238,  -1.4043,  -0.0000,   0.0000
   0.1120,   0.0237,   0.0237,   0.0237,  -1.4374,  -0.0000,   0.0000
   0.1121,   0.0236,   0.0236,   0.0236,  -1.4704,  -0.0000,   0.0000
   0.1122,   0.0234,   0.0234,   0.0234,  -1.5033,  -0.0000,   0.0000
   0.1123,   0.0233,   0.0233,   0.0233,  -1.5362,  -0.0000,   0.0000
   0.1124,   0.0231,   0.0231,   0.0231,  -1.5691,  -0.0000,   0.0000
   0.1125,   0.0230,   0.0230,   0.0230,  -1.6019,  -0.0000,   0.0000
   0.1126,   0.0229,   0.0229,   0.0229,  -1.6346,  -0.0000,   0.0000
   0.1127,   0.0227,   0.0227,   0.0227,  -1.6673,  -0.0000,   0.0000
   0.1128,   0.0226,   0.0226,   0.0226,  -1.6999,  -0.0000,   0.0000
   0.1129,   0.0225,   0.0225,   0.0225,  -1.7325,  -0.0000,   0.0000
   0.1130,   0.0223,   0.0223,   0.0223,  -1.7650,  -0.0000,   0.0000
   0.1131,   0.0222,   0.0222,   0.0222,  -1.7975,  -0.0000,   0.0000
   0.1132,   0.0221,   0.0221,   0.0221,  -1.8298,  -0.0000,   0.0000
   0.1133,   0.0219,   0.0219,   0.0219,  -1.8621,  -0.0000,   0.0000
   0.1134,   0.0218,   0.0218,   0.0218,  -1.8944,  -0.0000,   0.0000
   0.1135,   0.0217,   0.0217,   0.0217,  -1.9266,  -0.0000,   0.0000
   0.1136,   0.0215,   0.0215,   0.0215,  -1.9586,  -0.0000,   0.0000
   0.1137,   0.0214,   0.0214,   0.0214,  -1.9907,  -0.0000,   0.0000
   0.1138,   0.0213,   0.0213,   0.0213,  -2.0226,  -0.0000,   0.0000
   0.1139,   0.0211,   0.0211,   0.0211,  -2.0545,  -0.0000,   0.0000
   0.1140,   0.0210,   0.0210,   0.0210,  -2.0862,  -0.0000,   0.0000
   0.1141,   0.0209,   0.0209,   0.0209,  -2.1179,  -0.0000,   0.0000
   0.1142,   0.0207,   0.0207,   0.0207,  -2.1496,  -0.0000,   0.0000
   0.1143,   0.0206,   0.0206,   0.0206,  -2.1811,  -0.0000,   0.0000
   0.1144,   0.0205,   0.0205,   0.0206,  -2.2038,  -0.0020,  -0.0020
   0.1144,   0.0203,   0.0203,   0.0206,  -2.2259,  -0.0041,  -0.0041
   0.1145,   0.0202,   0.0202,   0.0206,  -2.2471,  -0.0064,  -0.0064
   0.1146,   0.0201,   0.0201,   0.0206,  -2.2684,  -0.0087,  -0.0087
   0.1147,   0.0200,   0.0200,   0.0206,  -2.2899,  -0.0110,  -0.0110
   0.1148,   0.0198,   0.0198,   0.0206,  -2.3115,  -0.0132,  -0.0132
   0.1149,   0.0197,   0.0197,   0.0206,  -2.3333,  -0.0154,  -0.0154
   0.1150,   0.0195,   0.0197,   0.0206,  -2.3461,  -0.0177,  -0.0138
   0.1151,   0.0194,   0.0197,   0.0206,  -2.3575,  -0.0199,  -0.0115
   0.1151,   0.0193,   0.0197,   0.0206,  -2.3686,  -0.0222,  -0.0091
   0.1152,   0.0191,   0.0197,   0.0206,  -2.3798,  -0.0244,  -0.0067
   0.1153,   0.0190,   0.0197,   0.0206,  -2.3910,  -0.0266,  -0.0044
   0.1154,   0.0188,   0.0197,   0.0206,  -2.4024,  -0.0289,  -0.0020
   0.1155,   0.0187,   0.0197,   0.0206,  -2.4138,  -0.0311,   0.0004
   0.1156,   0.0186,   0.0197,   0.0206,  -2.4252,  -0.0333,   0.0027
   0.1157,   0.0184,   0.0197,   0.0206,  -2.4368,  -0.0355,   0.0051
   0.1158,   0.0183,   0.0197,   0.0206,  -2.4484,  -0.0377,   0.0075
   0.1159,   0.0181,   0.0197,   0.0206,  -2.4601,  -0.0399,   0.0098
   0.1159,   0.0180,   0.0197,   0.0206,  -2.4719,  -0.0421,   0.0121
   0.1160,   0.0178,   0.0197,   0.0206,  -2.4837,  -0.0443,   0.0145
   0.1161,   0.0177,   0.0197,   0.0206,  -2.4956,  -0.0465,   0.0168
   0.1162,   0.0175,   0.0197,   0.0206,  -2.5076,  -0.0486,   0.0191
   0.1163,   0.0174,   0.0197,   0.0206,  -2.5197,  -0.0508,   0.0214
   0.1164,   0.0172,   0.0197,   0.0206,  -2.5318,  -0.0530,   0.0237
   0.1165,   0.0171,   0.0197,   0.0206,  -2.5440,  -0.0551,   0.0260
   0.1166,   0.0169,   0.0197,   0.0206,  -2.5563,  -0.0572,   0.0282
   0.1167,   0.0168,   0.0197,   0.0206,  -2.5687,  -0.0594,   0.0305
   0.1167,   0.0166,   0.0197,   0.0206,  -2.5811,  -0.0615,   0.0328
   0.1168,   0.0165,   0.0197,   0.0206,  -2.5936,  -0.0636,   0.0350
   0.1169,   0.0163,   0.0197,   0.0206,  -2.6062,  -0.0657,   0.0373
   0.1170,   0.0162,   0.0197,   0.0206,  -2.6188,  -0.0678,   0.0395
   0.1171,   0.0160,   0.0197,   0.0206,  -2.6316,  -0.0699,   0.0417
   0.1172,   0.0158,   0.0197,   0.0206,  -2.6444,  -0.0720,   0.0440
   0.1173,   0.0157,   0.0197,   0.0206,  -2.6573,  -0.0741,   0.0462
   0.1174,   0.0155,   0.0197,   0.0206,  -2.6702,  -0.0761,   0.0484
   0.1175,   0.0154,   0.0197,   0.0206,  -2.6833,  -0.0782,   0.0506
   0.1175,   0.0152,   0.0197,   0.0206,  -2.6964,  -0.0802,   0.0528
   0.1176,   0.0150,   0.0197,   0.0206,  -2.7096,  -0.0823,   0.0549
   0.1177,   0.0149,   0.0197,   0.0206,  -2.7228,  -0.0843,   0.0571
   0.1178,   0.0147,   0.0197,   0.0206,  -2.7362,  -0.0864,   0.0593
   0.1179,   0.0145,   0.0197,   0.0206,  -2.7496,  -0.0884,   0.0614
   0.1180,   0.0144,   0.0197,   0.0206,  -2.7631,  -0.0904,   0.0635
   0.1181,   0.0142,   0.0197,   0.0206,  -2.7766,  -0.0924,   0.0657
   0.1182,   0.0140,   0.0197,   0.0206,  -2.7903,  -0.0944,   0.0678
   0.1183,   0.0139,   0.0197,   0.0206,  -2.8040,  -0.0964,   0.0699
   0.1183,   0.0137,   0.0197,   0.0206,  -2.8178,  -0.0983,   0.0720
   0.1184,   0.0135,   0.0197,   0.0206,  -2.8316,  -0.1003,   0.0741
   0.1185,   0.0133,   0.0197,   0.0206,  -2.8456,  -0.1023,   0.0762
   0.1186,   0.0132,   0.0197,   0.0206,  -2.8596,  -0.1042,   0.0783
   0.1187,   0.0130,   0.0197,   0.0206,  -2.8737,  -0.1061,   0.0803
   0.1188,   0.0128,   0.0197,   0.0206,  -2.8878,  -0.1081,   0.0824
   0.1189,   0.0126,   0.0197,   0.0206,  -2.9021,  -0.1100,   0.0845
   0.1190,   0.0125,   0.0197,   0.0206,  -2.9164,  -0.1119,   0.0865
   0.1191,   0.0123,   0.0197,   0.0206,  -2.9308,  -0.1138,   0.0885
   0.1191,   0.0121,   0.0197,   0.0206,  -2.9453,  -0.1157,   0.0905
   0.1192,   0.0119,   0.0197,   0.0206,  -2.9598,  -0.1176,   0.0926
   0.1193,   0.0117,   0.0197,   0.0206,  -2.9744,  -0.1195,   0.0946
   0.1194,   0.0115,   0.0197,   0.0206,  -2.9891,  -0.1214,   0.0966
   0.1195,   0.0114,   0.0197,   0.0206,  -3.0039,  -0.1232,   0.0985
   0.1196,   0.0112,   0.0197,   0.0206,  -3.0188,  -0.1251,   0.1005
   0.1197,   0.0110,   0.0197,   0.0206,  -3.0337,  -0.1269,   0.1025
   0.1198,   0.0108,   0.0197,   0.0206,  -3.0487,  -0.1288,   0.1044
   0.1199,   0.0106,   0.0197,   0.0206,  -3.0638,  -0.1306,   0.1064
   0.1199,   0.0104,   0.0197,   0.0206,  -3.0789,  -0.1324,   0.1083
   0.1200,   0.0102,   0.0197,   0.0206,  -3.0942,  -0.1342,   0.1103
   0.1201,   0.0101,   0.0197,   0.0206,  -3.1095,  -0.1360,   0.1122
   0.1202,   0.0099,   0.0197,   0.0206,  -3.1249,  -0.1378,   0.1141
   0.1203,   0.0097,   0.0197,   0.0206,  -3.1403,  -0.1396,   0.1160
   0.1204,   0.0095,   0.0197,   0.0206,  -3.1559,  -0.1414,   0.1179
   0.1205,   0.0093,   0.0197,   0.0206,  -3.1715,  -0.1431,   0.1198
   0.1206,   0.0091,   0.0197,   0.0206,  -3.1872,  -0.1449,   0.1216
   0.1206,   0.0089,   0.0197,   0.0206,  -3.2030,  -0.1466,   0.1235
   0.1207,   0.0087,   0.0197,   0.0206,  -3.2188,  -0.1484,   0.1253
   0.1208,   0.0085,   0.0197,   0.0206,  -3.2348,  -0.1501,   0.1272
   0.1209,   0.0083,   0.0197,   0.0206,  -3.2508,  -0.1518,   0.1290
   0.1210,   0.0081,   0.0197,   0.0206,  -3.2669,  -0.1535,   0.1309
   0.1211,   0.0079,   0.0197,   0.0206,  -3.2830,  -0.1553,   0.1327
   0.1212,   0.0077,   0.0197,   0.0206,  -3.2993,  -0.1570,   0.1345
   0.1213,   0.0075,   0.0197,   0.0206,  -3.3156,  -0.1586,   0.1363
   0.1214,   0.0073,   0.0197,   0.0206,  -3.3320,  -0.1603,   0.1381
   0.1214,   0.0071,   0.0197,   0.0206,  -3.3485,  -0.1620,   0.1398
   0.1215,   0.0069,   0.0197,   0.0206,  -3.3650,  -0.1637,   0.1416
   0.1216,   0.0067,   0.0197,   0.0206,  -3.3816,  -0.1653,   0.1434
   0.1217,   0.0065,   0.0197,   0.0206,  -3.3983,  -0.1670,   0.1451
   0.1218,   0.0062,   0.0197,   0.0206,  -3.4151,  -0.1686,   0.1469
   0.1219,   0.0060,   0.0197,   0.0206,  -3.4320,  -0.1702,   0.1486
   0.1220,   0.0058,   0.0197,   0.0206,  -3.4489,  -0.1718,   0.1503
   0.1221,   0.0056,   0.0197,   0.0206,  -3.4659,  -0.1734,   0.1521
   0.1222,   0.0054,   0.0197,   0.0206,  -3.4830,  -0.1751,   0.1538
   0.1222,   0.0052,   0.0197,   0.0206,  -3.5002,  -0.1766,   0.1555
   0.1223,   0.0050,   0.0197,   0.0206,  -3.5175,  -0.1782,   0.1572
   0.1224,   0.0048,   0.0197,   0.0206,  -3.5348,  -0.1798,   0.1588
   0.1225,   0.0045,   0.0197,   0.0206,  -3.5522,  -0.1814,   0.1605
   0.1226,   0.0043,   0.0197,   0.0206,  -3.5697,  -0.1829,   0.1622
   0.1227,   0.0041,   0.0197,   0.0206,  -3.5873,  -0.1845,   0.1638
   0.1228,   0.0039,   0.0197,   0.0206,  -3.6049,  -0.1860,   0.1655
   0.1229,   0.0037,   0.0197,   0.0206,  -3.6226,  -0.1876,   0.1671
   0.1230,   0.0034,   0.0197,   0.0206,  -3.6404,  -0.1891,   0.1687
   0.1230,   0.0032,   0.0197,   0.0206,  -3.6583,  -0.1906,   0.1704
   0.1231,   0.0030,   0.0197,   0.0206,  -3.6763,  -0.1921,   0.1720
   0.1232,   0.0028,   0.0197,   0.0206,  -3.6943,  -0.1936,   0.1736
   0.1233,   0.0025,   0.0197,   0.0206,  -3.7124,  -0.1951,   0.1752
   0.1234,   0.0023,   0.0197,   0.0206,  -3.7306,  -0.1966,   0.1767
   0.1235,   0.0021,   0.0197,   0.0206,  -3.7489,  -0.1981,   0.1783
   0.1236,   0.0019,   0.0197,   0.0206,  -3.7673,  -0.1996,   0.1799
   0.1237,   0.0016,   0.0197,   0.0206,  -3.7857,  -0.2010,   0.1814
   0.1238,   0.0014,   0.0197,   0.0206,  -3.8042,  -0.2025,   0.1830
   0.1238,   0.0012,   0.0197,   0.0206,  -3.8197,  -0.2037,   0.1843
9999.0000,   0.0012,   0.0197,   0.0206,  -3.8197,  -0.2037,   0.1843
